{
	"Cfg": {
		"ConfigDone": 0,
		"MinInterMessage": 0.006000000052,
		"MaxInterMessage": 0.05000000075,
		"NomInterMessageTime": 0.008191999979,
		"GRef_Amp": 0,
		"GRef_F": 100,
		"GRef_Dc": 0,
		"GRef_Duty": 0.5,
		"GRef_bAngleSpeed": 0,
		"GRef_AnglePeriod": 1,
		"TRef_Amp": 0,
		"TRef_F": 100,
		"TRef_Dc": 0,
		"TRef_Duty": 0.5,
		"MaxRawCommChangeInCycle": 0.1700000018,
		"CommutationMode": 3,
		"UserPosOnHome": 0,
		"MaxSupportedClosure": 3,
		"qf0PBw": 400,
		"qf0PXi": 0.5500000119,
		"qf0ZBw": 100000,
		"qf0ZXi": 1,
		"qf0Cfg": 17,
		"qf1PBw": 600,
		"qf1PXi": 0.5500000119,
		"qf1ZBw": 100000,
		"qf1ZXi": 1,
		"qf1Cfg": 17,
		"SpeedKp": 4,
		"SpeedKi": 400,
		"PosKp": 58.03392792,
		"MaxAcc": 100,
		"ProfileSpeed": 20,
		"ProfileAcc": 20,
		"ProfileDec": 20,
		"ProfileTau": 0.009999999776,
		"OuterSensorBit2User": 0.001389031182,
		"MotionConvergeWindow": 0.00800000038,
		"PosErrorLimit": 1000000000,
		"BrakeReleaseDelay": 0.1000000015,
		"BrakeReleaseOverlap": 0.1000000015,
		"UseCase": 3712,
		"OuterMergeCst": 0.1000000015,
		"FloatParRevision": 1
	}
}
