{
	"Calib": {
		"PassWord": 305419808,
		"RSteerPotCenter": -0.002122241771,
		"LSteerPotCenter": -0.005073795095,
		"RSteerPotGainFac": 0.03813356534,
		"LSteerPotGainFac": 0.006432792172,
		"RNeckPotCenter": 0.09329105169,
		"LNeckPotCenter": 0.08876425773,
		"RNeckPotGainFac": 0.2721168101,
		"LNeckPotGainFac": 0.2645916045,
		"AccOffsetX": 0,
		"AccOffsetY": 0,
		"AccOffsetZ": 0,
		"GyroOffsetX": 0,
		"RWheelArmLatchTravel": 161.25,
		"LWheelArmLatchTravel": 145,
		"qImu2Body0": -0.9890902202,
		"qImu2Body1": 0.008905611142,
		"qImu2Body2": -0.1470356207,
		"qImu2Body3": -0.00132388536,
		"LaserGainCorrection": 0.02121216804,
		"LaserOffsetCorrection": 0.694198668,
		"LaserMinimumVolts": 0,
		"WheelArmRZeroCnt": 1174,
		"WheelArmLZeroCnt": 359,
		"NeckGainAddFac": 0,
		"RWheelArmGain": 0.08018004894,
		"LWheelArmGain": -2.06814909,
		"RWheelArmOffset": -0.1076290607,
		"LWheelArmOffset": -0.0747204423,
		"RobotConfig": 2464,
		"CalibDate": 0,
		"CalibData": 0
	}
}
