{
	"Calib": {
		"PassWord": 305419808,
		"RSteerPotCenter": -0.1065476388,
		"LSteerPotCenter": -0.007423139177,
		"RSteerPotGainFac": 0.04708058387,
		"LSteerPotGainFac": 0.02025159635,
		"RNeckPotCenter": 0.029239118,
		"LNeckPotCenter": 0.01072414672,
		"RNeckPotGainFac": -0.07905330945,
		"LNeckPotGainFac": -0.04197482425,
		"AccOffsetX": 0,
		"AccOffsetY": 0,
		"AccOffsetZ": 0,
		"GyroOffsetX": 0,
		"GyroOffsetY": 0,
		"GyroOffsetZ": 0,
		"qImu2Body0": 0.989428401,
		"qImu2Body1": 0.002585812705,
		"qImu2Body2": 0.1449987739,
		"qImu2Body3": -0.000378945726,
		"LaserGainCorrection": 0.01386063267,
		"LaserOffsetCorrection": 0.7727395892,
		"LaserMinimumVolts": 0.4692733884,
		"WheelArmRZeroCnt": 1239,
		"WheelArmLZeroCnt": 1645,
		"NeckGainAddFac": 0,
		"RWheelArmGain": -0.0542547591,
		"LWheelArmGain": -0.04873263836,
		"RWheelArmOffset": -0.01521403529,
		"LWheelArmOffset": 0.03969570249,
		"RobotConfig": 2448,
		"CalibDate": 0,
		"CalibData": 0
	}
}
