{
	"Calib": {
		"PassWord": 305419808,
		"RSteerPotCenter": 0.03220493346,
		"LSteerPotCenter": -0.020755006,
		"RSteerPotGainFac": 0.06440705061,
		"LSteerPotGainFac": 0.01431816164,
		"RNeckPotCenter": 0.05476465836,
		"LNeckPotCenter": 0.07630057974,
		"RNeckPotGainFac": -0.2518763239,
		"LNeckPotGainFac": -0.1556002146,
		"AccOffsetX": -0.08299999684,
		"AccOffsetY": 0.08299999684,
		"AccOffsetZ": 0,
		"GyroOffsetX": 0,
		"GyroOffsetY": 0,
		"GyroOffsetZ": 0,
		"ImuInstall00": 0,
		"ImuInstall01": 1,
		"ImuInstall02": 0,
		"ImuInstall10": -1,
		"ImuInstall11": 0,
		"ImuInstall12": 0,
		"ImuInstall20": 0,
		"ImuInstall21": 0,
		"ImuInstall22": 1,
		"NeckGainAddFac": 0,
		"Spare1": 0,
		"Spare2": 0,
		"Spare3": 0,
		"Spare4": 0,
		"Spare5": 0,
		"CalibDate": 11072018,
		"CalibData": 100
	}
}
