{
	"Calib": {
		"PassWord": 305419808,
		"RSteerPotCenter": -0.02984773181,
		"LSteerPotCenter": -0.005899825133,
		"RSteerPotGainFac": -0.003058329923,
		"LSteerPotGainFac": 0.01766011305,
		"RNeckPotCenter": 0.02949183993,
		"LNeckPotCenter": 0.06643078476,
		"RNeckPotGainFac": -0.08612147719,
		"LNeckPotGainFac": -0.06213670969,
		"AccOffsetX": 0,
		"AccOffsetY": 0,
		"AccOffsetZ": 0,
		"GyroOffsetX": 0,
		"GyroOffsetY": 0,
		"GyroOffsetZ": 0,
		"qImu2Body0": 0.989499867,
		"qImu2Body1": 8.539537521e-05,
		"qImu2Body2": 0.1445336789,
		"qImu2Body3": -1.247348064e-05,
		"LaserGainCorrection": -0.009128421545,
		"LaserOffsetCorrection": 0.6015219688,
		"Spare3": 0,
		"WheelArmRZeroCnt": 1239,
		"WheelArmLZeroCnt": 1645,
		"NeckGainAddFac": 0,
		"RWheelArmGain": -0.0542547591,
		"LWheelArmGain": -0.04873263836,
		"RWheelArmOffset": -0.01521403529,
		"LWheelArmOffset": 0.03969570249,
		"RobotConfig": 2128,
		"CalibDate": 12102022,
		"CalibData": 0
	}
}
