{
	"Calib": {
		"PassWord": 305419808,
		"RSteerPotCenter": 0.03355390206,
		"LSteerPotCenter": -0.01593133621,
		"RSteerPotGainFac": -0.004142434802,
		"LSteerPotGainFac": 0.03184348717,
		"RNeckPotCenter": 0.05511341989,
		"LNeckPotCenter": 0.04965160415,
		"RNeckPotGainFac": -0.04090757668,
		"LNeckPotGainFac": 0.08591435105,
		"AccOffsetX": -0.08299999684,
		"AccOffsetY": 0.08299999684,
		"AccOffsetZ": 0,
		"GyroOffsetX": 0,
		"GyroOffsetY": 0,
		"GyroOffsetZ": 0,
		"ImuInstall00": 0,
		"ImuInstall01": 1,
		"ImuInstall02": 0,
		"ImuInstall10": -1,
		"ImuInstall11": 0,
		"ImuInstall12": 0,
		"ImuInstall20": 0,
		"ImuInstall21": 0,
		"ImuInstall22": 1 ,
		"NeckGainAddFac": 0,
		"Spare1": 0,
		"Spare2": 0,
		"Spare3": 0,
		"Spare4": 0,
		"Spare5": 0,
		"CalibDate": 23022020,
		"CalibData": 103
	}
}
