{
	"Calib": {
		"PassWord": 305419808,
		"RSteerPotCenter": -0.06106159464,
		"LSteerPotCenter": -0.02928410843,
		"RSteerPotGainFac": 0.04831559211,
		"LSteerPotGainFac": 0.04434611276,
		"RNeckPotCenter": 0.0529198423,
		"LNeckPotCenter": 0.03760702536,
		"RNeckPotGainFac": 0.0008273377898,
		"LNeckPotGainFac": 0.0314097926,
		"AccOffsetX": 0,
		"AccOffsetY": 0,
		"AccOffsetZ": 0,
		"GyroOffsetX": 0,
		"GyroOffsetY": 0,
		"GyroOffsetZ": 0,
		"qImu2Body0": 0.9905716777,
		"qImu2Body1": 0.001985307783,
		"qImu2Body2": 0.1369806826,
		"qImu2Body3": -0.0002745372185,
		"LaserGainCorrection": 0.02390704863,
		"LaserOffsetCorrection": 0.7809222937,
		"Spare3": 0,
		"WheelArmRZeroCnt": 0,
		"WheelArmLZeroCnt": 0,
		"NeckGainAddFac": 0,
		"RWheelArmGain": 0,
		"LWheelArmGain": 0,
		"RWheelArmOffset": 0,
		"LWheelArmOffset": 0,
		"RobotConfig": 16,
		"CalibDate": 738506,
		"CalibData": 1
	}
}
