{
	"Calib": {
		"PassWord": 305419808,
		"RSteerPotCenter": -0.01252355333,
		"LSteerPotCenter": -0.00728717912,
		"RSteerPotGainFac": 0.03204301,
		"LSteerPotGainFac": 0.03773101419,
		"RNeckPotCenter": 0.04714650474,
		"LNeckPotCenter": 0.0429451939,
		"RNeckPotGainFac": 0.3854918072,
		"LNeckPotGainFac": 0.452841333,
		"AccOffsetX": 0,
		"AccOffsetY": 0,
		"AccOffsetZ": 0,
		"GyroOffsetX": 0,
		"GyroOffsetY": 0,
		"GyroOffsetZ": 0,
		"qImu2Body0": 0.1658961326,
		"qImu2Body1": 0,
		"qImu2Body2": 0.9861432314,
		"qImu2Body3": 0,
		"Spare1": 0,
		"Spare2": 0,
		"Spare3": 0,
		"Spare4": 0,
		"Spare5": 0,
		"NeckGainAddFac": 0,
		"CalibDate": 0,
		"CalibData": 0
	}
}
