{
	"Calib": {
		"PassWord": 305419808,
		"RSteerPotCenter": -0.009378018789,
		"LSteerPotCenter": 0.04046689719,
		"RSteerPotGainFac": 0.0527305603,
		"LSteerPotGainFac": 0.02059428208,
		"RNeckPotCenter": 0.0452465415,
		"LNeckPotCenter": 0.03788116202,
		"RNeckPotGainFac": -0.0995073393,
		"LNeckPotGainFac": -0.007206839044,
		"AccOffsetX": -0.08299999684,
		"AccOffsetY": 0.08299999684,
		"AccOffsetZ": 0,
		"GyroOffsetX": 0,
		"GyroOffsetY": 0,
		"GyroOffsetZ": 0,
		"ImuInstall00": 0,
		"ImuInstall01": 1,
		"ImuInstall02": 0,
		"ImuInstall10": -1,
		"ImuInstall11": 0,
		"ImuInstall12": 0,
		"ImuInstall20": 0,
		"ImuInstall21": 0,
		"ImuInstall22": 1,
		"NeckGainAddFac": -0.5,
		"Spare1": 0,
		"Spare2": 0,
		"Spare3": 0,
		"Spare4": 0,
		"Spare5": 0,
		"CalibDate": 3022020,
		"CalibData": 105
	}
}
