{
	"Calib": {
		"PassWord": 305419808,
		"RSteerPotCenter": -0.009378018789,
		"LSteerPotCenter": 0.04046689719,
		"RSteerPotGainFac": 0.0527305603,
		"LSteerPotGainFac": 0.02059428208,
		"RNeckPotCenter": 0.04776801541,
		"LNeckPotCenter": 0.03971204162,
		"RNeckPotGainFac": -0.06500852853,
		"LNeckPotGainFac": 0.0224793423,
		"AccOffsetX": -0.08299999684,
		"AccOffsetY": 0.08299999684,
		"AccOffsetZ": 0,
		"GyroOffsetX": 0,
		"GyroOffsetY": 0,
		"GyroOffsetZ": 0,
		"ImuInstall00": 0.2449000031,
		"ImuInstall01": 0,
		"ImuInstall02": 0.9695000052,
		"ImuInstall10": 0,
		"ImuInstall11": 1,
		"ImuInstall12": 0,
		"ImuInstall20": -0.9695000052,
		"ImuInstall21": 0,
		"ImuInstall22": 0.2449000031,
		"NeckGainAddFac": 0,
		"Spare1": 0,
		"Spare2": 0,
		"Spare3": 0,
		"Spare4": 0,
		"Spare5": 0,
		"CalibDate": 3022020,
		"CalibData": 105
	}
}
