{
	"Calib": {
		"PassWord": 305419808,
		"RSteerPotCenter": -0.003321869764,
		"LSteerPotCenter": 0.01456747111,
		"RSteerPotGainFac": -0.01630069315,
		"LSteerPotGainFac": 0.03270896524,
		"RNeckPotCenter": 0.0409225747,
		"LNeckPotCenter": 0.03951221332,
		"RNeckPotGainFac": -0.03007402085,
		"LNeckPotGainFac": -0.02794055454,
		"AccOffsetX": 0,
		"AccOffsetY": 0,
		"AccOffsetZ": 0,
		"GyroOffsetX": 0,
		"GyroOffsetY": 0,
		"GyroOffsetZ": 0,
		"qImu2Body0": 0.991756022,
		"qImu2Body1": -0.01152049098,
		"qImu2Body2": 0.1276127845,
		"qImu2Body3": 0.00148238265,
		"LaserDist": 0,
		"Spare3": 0,
		"Spare4": 0,
		"Spare5": 0,
		"NeckGainAddFac": 0,
		"Spare1": 0,
		"Spare2": 0,
		"CalibDate": 738540,
		"CalibData": 1
	}
}
