{
	"Calib": {
		"PassWord": 305419808,
		"RSteerPotCenter": -0.05543912202,
		"LSteerPotCenter": -0.0003147250391,
		"RSteerPotGainFac": 0.0484037213,
		"LSteerPotGainFac": 0.02624578774,
		"RNeckPotCenter": 0.05044651031,
		"LNeckPotCenter": 0.04681706056,
		"RNeckPotGainFac": -0.09784942865,
		"LNeckPotGainFac": -0.006339893211,
		"AccOffsetX": -0.08299999684,
		"AccOffsetY": 0.08299999684,
		"AccOffsetZ": 0,
		"GyroOffsetX": 0,
		"GyroOffsetY": 0,
		"GyroOffsetZ": 0,
		"ImuInstall00": 0,
		"ImuInstall01": 1,
		"ImuInstall02": 0,
		"ImuInstall10": -1,
		"ImuInstall11": 0,
		"ImuInstall12": 0,
		"ImuInstall20": 0,
		"ImuInstall21": 0,
		"ImuInstall22": 1,
		"NeckGainAddFac": 0,
		"Spare1": 0,
		"Spare2": 0,
		"Spare3": 0,
		"Spare4": 0,
		"Spare5": 0,
		"CalibDate": 11072018,
		"CalibData": 100
	}
}
