{
	"Calib": {
		"PassWord": 305419808,
		"RSteerPotCenter": -0.001767509733,
		"LSteerPotCenter": -0.006944611203,
		"RSteerPotGainFac": 0.0432420522,
		"LSteerPotGainFac": 0.03933193907,
		"RNeckPotCenter": 0.03773688525,
		"LNeckPotCenter": 0.04197437316,
		"RNeckPotGainFac": 0.02019641921,
		"LNeckPotGainFac": 0.04937143996,
		"AccOffsetX": 0,
		"AccOffsetY": 0,
		"AccOffsetZ": 0,
		"GyroOffsetX": 0,
		"GyroOffsetY": 0,
		"GyroOffsetZ": 0,
		"qImu2Body0": 0.9888488054,
		"qImu2Body1": 0.01877086968,
		"qImu2Body2": 0.1477086074,
		"qImu2Body3": -0.002803885695,
		"LaserGainCorrection": 0,
		"LaserOffsetCorrection": 0,
		"Spare3": 0,
		"Spare4": 0,
		"Spare5": 0,
		"NeckGainAddFac": 0,
		"Spare1": 0,
		"Spare2": 0,
		"CalibDate": 738551,
		"CalibData": 1
	}
}
