{
	"Calib": {
		"PassWord": 305419808,
		"RSteerPotCenter": -0.001767509733,
		"LSteerPotCenter": -0.006944611203,
		"RSteerPotGainFac": 0.0432420522,
		"LSteerPotGainFac": 0.03933193907,
		"RNeckPotCenter": 0.04371496662,
		"LNeckPotCenter": 0.04818431661,
		"RNeckPotGainFac": -0.05349062756,
		"LNeckPotGainFac": -0.01446118299,
		"AccOffsetX": 0,
		"AccOffsetY": 0,
		"AccOffsetZ": 0,
		"GyroOffsetX": 0,
		"GyroOffsetY": 0,
		"GyroOffsetZ": 0,
		"qImu2Body0": 0.9889554402,
		"qImu2Body1": 0.01763005205,
		"qImu2Body2": 0.147137481,
		"qImu2Body3": -0.002623011454,
		"LaserGainCorrection": 0,
		"LaserOffsetCorrection": 0,
		"Spare3": 0,
		"Spare4": 0,
		"Spare5": 0,
		"NeckGainAddFac": 0,
		"Spare1": 0,
		"Spare2": 0,
		"CalibDate": 738551,
		"CalibData": 1
	}
}
