{
	"Calib": {
		"PassWord": 305419808,
		"RSteerPotCenter": -0.001767509733,
		"LSteerPotCenter": -0.006944611203,
		"RSteerPotGainFac": 0.0432420522,
		"LSteerPotGainFac": 0.03933193907,
		"RNeckPotCenter": 0.04349077772,
		"LNeckPotCenter": 0.04808492373,
		"RNeckPotGainFac": -0.07405767438,
		"LNeckPotGainFac": -0.03731286961,
		"AccOffsetX": 0,
		"AccOffsetY": 0,
		"AccOffsetZ": 0,
		"GyroOffsetX": 0,
		"GyroOffsetY": 0,
		"GyroOffsetZ": 0,
		"qImu2Body0": 0.9889554381,
		"qImu2Body1": 0.01763005182,
		"qImu2Body2": 0.147137478,
		"qImu2Body3": -0.002623011358,
		"LaserGainCorrection": 0,
		"LaserOffsetCorrection": 0,
		"Spare3": 0,
		"Spare4": 0,
		"Spare5": 0,
		"NeckGainAddFac": 0,
		"Spare1": 0,
		"Spare2": 0,
		"CalibDate": 738551,
		"CalibData": 1
	}
}
